15
15
1 5
1 3
1 11
1 15
1 6
1 13
1 8
1 1
1 14
1 12
1 4
1 10
1 9
1 7
1 2
15
1 5
1 3
1 11
1 15
1 6
1 13
1 8
1 1
2 14
1 12
1 4
2 10
1 9
1 7
1 2
926
6 73385
123 180754
166 7339
184 53930
283 5919
33 17218
219 116211
55 236506
150 65253
124 168065
98 153
293 200804
285 13789
254 102695
274 87592
298 83794
163 136336
210 191189
287 18219
222 49238
24 93118
218 97623
239 164489
252 15053
129 136451
4 274802
167 24121
172 45276
118 134122
150 78703
162 231679
143 146949
268 98878
119 146862
289 114157
19 75498
134 110315
287 224667
99 150666
70 25072
161 275009
251 84660
45 68558
126 89222
218 41585
140 247521
266 156283
275 88811
229 152773
150 77850
63 172517
242 132714
261 158779
43 50108
6 119043
222 141193
284 161491
47 165908
42 70571
226 183629
77 257484
147 220641
169 178729
260 185583
85 194186
255 237366
262 201712
61 227801
29 151363
50 40469
148 137830
143 128913
56 262044
71 122348
157 41620
297 232269
287 131424
194 66475
204 173980
187 20613
38 28993
55 84724
200 83913
69 250244
1 89316
132 118441
198 197465
274 42375
38 229601
163 45753
196 181446
95 78923
127 252393
56 36580
121 269656
207 170874
271 235238
196 109777
269 123140
77 121983
83 64213
93 62070
223 205832
259 45109
170 148926
275 257328
27 219947
127 188739
263 220674
286 6286
279 7401
134 242642
79 179236
16 199602
196 86133
118 185564
278 29793
117 137159
80 89797
206 2967
252 63951
255 1707
82 155737
34 76240
249 187065
101 125558
19 137060
41 272768
43 40136
142 39817
49 267161
260 38146
149 88035
245 153864
252 172958
30 166834
52 108848
171 75640
166 141852
8 99607
263 172320
58 261209
9 162284
79 47449
180 167422
146 72436
9 257579
231 59675
225 177712
167 226301
87 172190
243 220801
186 211884
252 152553
203 110190
20 257851
183 223180
140 156817
75 176893
29 200576
208 91722
44 80053
31 52551
10 33347
211 133292
173 144490
14 235714
187 20009
145 53280
85 32948
188 4053
279 230368
251 141584
131 95091
263 154892
235 28738
300 146759
29 225802
259 260377
74 173591
1 114738
50 171515
4 53220
260 47526
47 56784
174 133979
281 143420
180 218940
173 274042
235 28964
229 171068
216 159314
124 73971
223 60525
198 258406
166 241307
184 143735
170 192932
34 169098
138 119931
22 233552
263 268076
102 227160
97 262960
262 10380
212 218966
139 19849
65 250709
140 41256
108 84220
300 111073
59 179010
20 91600
154 67817
223 175728
131 185980
176 247899
292 44730
84 250995
172 232051
266 39859
246 7319
44 141047
262 237470
136 114186
54 1914
3 156727
209 195664
189 64111
64 222438
180 149136
41 154238
139 211862
101 160024
191 53547
125 173415
137 85411
254 25185
221 196267
242 66218
4 214463
259 53986
241 73362
227 68226
267 144544
178 4607
31 219800
117 245493
208 192573
215 245860
26 213676
85 225376
34 1223
283 99522
108 135336
122 180748
23 9473
210 80194
110 272664
222 7916
82 238113
75 71352
39 87627
82 131764
47 161788
137 152481
261 25312
144 222707
167 12989
96 189133
265 33458
170 220145
127 41710
168 260277
237 156540
86 214169
141 27212
266 37069
65 176125
237 132968
40 163447
122 48523
69 121773
290 68979
243 208719
59 121485
47 7838
53 34364
118 56656
23 63079
226 108675
266 22150
242 130422
254 262354
83 132051
121 17036
119 260425
36 145957
5 268382
210 105077
261 95274
4 243696
238 33934
168 32882
177 12667
265 162747
242 61920
71 12302
147 137219
240 95307
265 12360
148 144349
224 45215
287 156749
37 120064
73 273565
3 111522
129 49729
187 2776
239 158623
221 135421
96 233687
280 35399
65 3558
42 256990
109 253517
226 242152
52 902
143 80261
13 255926
78 138789
30 121470
155 142554
171 105747
85 135000
21 14478
196 88320
78 16958
125 222460
207 98233
273 202357
290 269514
298 56408
169 115052
291 8007
19 271148
251 45067
202 188772
14 89039
215 230660
112 103072
59 52227
135 117113
198 145772
176 171836
106 128492
101 118498
281 85767
10 161355
265 260650
114 176608
46 2387
25 171861
65 265316
200 9765
200 195639
237 43118
293 105644
230 253492
53 193917
141 208001
98 93682
290 54994
36 37888
41 152013
97 94141
82 33862
17 17071
223 74752
247 46122
185 114632
214 209440
155 113342
86 97194
77 211261
105 147813
285 89794
6 217800
72 265113
282 166274
135 256730
140 262760
157 27939
24 35876
197 276959
115 60657
121 160396
173 51211
3 159034
243 212827
148 38695
19 168416
279 186024
59 142873
123 137258
12 164927
137 78007
68 193688
149 88187
243 114886
200 16622
109 125182
60 140084
205 5636
8 262800
39 32971
70 119840
252 183066
284 256801
125 144170
39 5826
204 191589
87 155095
282 153857
251 134092
238 72505
92 82401
295 94444
58 213581
150 69262
107 200515
63 71197
89 49386
87 186591
63 115456
87 2679
116 8214
279 217718
243 56934
174 8422
207 237808
245 19369
103 190397
227 161840
163 85787
233 259695
155 33735
99 127494
283 65017
212 157635
132 11217
66 194923
69 252935
226 248639
15 156832
231 923
265 10293
293 19546
247 230829
114 232685
150 18786
81 164386
300 82649
79 3833
270 143635
147 146354
56 221849
213 247530
272 166652
48 51957
11 9418
106 95917
57 51557
205 57848
84 223037
175 226096
189 1094
286 67099
255 10084
238 144371
156 95602
172 263992
262 170027
262 63241
279 164999
153 176714
254 41887
286 133592
263 142028
285 177695
213 71746
55 104084
10 183466
108 157407
175 252212
209 103495
242 271315
288 270514
3 262579
42 15388
7 271070
261 240716
220 116467
212 231367
114 232936
41 127116
186 155542
138 273662
238 108179
55 37304
193 203982
259 3162
257 146914
137 4874
46 36077
152 89190
221 143507
296 166534
230 143251
232 44022
216 113539
133 117145
60 229119
191 219801
85 154485
267 253195
199 193380
286 194384
87 76739
217 40885
207 29134
246 210932
111 57666
139 271683
275 29018
2 99195
263 210586
221 137659
90 107345
147 38170
176 263468
189 56500
44 4564
259 99596
229 207745
31 147631
63 140345
89 9113
126 178601
184 230137
140 108132
85 82223
229 60777
130 188598
181 222534
38 91365
253 260395
19 93791
18 231346
293 80282
290 248618
203 27437
45 234290
216 5858
166 105346
101 131955
164 12950
78 12056
252 30492
54 144399
32 146292
227 34309
32 225615
23 7400
205 151888
34 155719
28 263472
169 126153
82 217046
97 250330
55 112570
129 217244
195 25122
204 221458
229 54422
3 192936
31 75774
291 147862
195 124332
12 186379
93 235580
259 17095
106 43632
178 221976
17 200431
181 257334
141 47109
64 225754
34 140374
220 150921
272 267892
120 74278
43 87513
150 7349
157 183310
222 175525
271 248065
263 230189
55 33029
40 210479
210 144627
47 268265
271 252799
98 270728
124 144382
2 24231
17 101306
189 193302
47 214056
55 274982
194 105873
94 266336
43 267428
123 172413
277 79069
253 245320
186 261342
297 151624
243 186707
7 46754
126 72764
89 47251
240 200188
231 107690
227 241623
211 258908
281 252392
218 150001
192 32255
203 168844
298 157698
256 82457
149 107315
188 154910
175 210287
260 27828
239 113886
42 248231
33 47062
120 143784
108 142426
162 182164
208 206992
52 232141
206 8864
210 40534
8 170161
41 37852
9 59805
71 129480
169 229669
92 67505
263 152015
89 179959
188 66867
250 262738
230 57566
263 51649
41 197365
86 197726
37 73219
285 211582
249 56013
204 216783
164 263859
267 140834
187 113025
187 249359
159 231940
170 168784
133 177968
219 29142
288 153125
119 145783
253 97811
150 121546
298 261746
8 61889
206 214092
49 129228
146 169678
240 223679
46 120233
292 97993
130 36407
148 211917
227 30985
265 176238
50 26846
105 91068
176 183045
211 137051
173 239195
143 111450
75 170072
125 125177
26 39716
6 115715
214 36087
18 121155
17 82998
219 54171
272 155730
15 174704
192 48810
251 104065
158 200128
194 249055
117 19697
69 267198
92 231478
31 133648
272 241304
72 260091
3 9192
198 117545
75 105437
249 246574
62 270374
137 23303
119 191895
103 240125
31 92656
77 93808
290 148625
130 55288
153 35706
138 68903
193 80734
166 107083
213 247128
193 218591
244 95094
200 118913
162 219746
116 131566
231 249488
125 265794
207 163129
238 124572
205 153789
24 86773
265 255936
96 94793
52 112811
254 5350
284 221459
20 246505
9 59807
132 58905
28 244034
106 163867
247 141673
2 11604
66 19935
271 73925
65 176195
65 123160
170 143083
240 82665
233 174586
298 213120
228 134557
290 148363
201 58899
59 176257
237 247506
41 151369
127 13823
74 178112
132 9453
26 33561
34 233743
245 274590
79 52936
143 226765
33 52311
86 237287
196 247177
163 233970
245 263726
119 199845
183 243734
100 269860
76 82772
161 19761
40 223072
294 29378
273 218507
294 232267
283 33995
15 172512
88 245439
72 203180
18 155804
127 249632
44 75869
184 114939
70 185993
127 214823
217 248838
138 186892
128 241732
231 81310
61 62597
297 271074
135 272760
46 269606
97 247220
182 78630
152 241618
114 218034
11 219283
20 259372
68 131912
74 199688
98 216881
106 124669
46 254933
282 31232
155 261280
141 277591
96 108779
202 200243
108 184020
16 248022
136 165070
32 203668
181 36324
17 152095
124 79951
81 153458
48 109248
12 101119
116 228918
265 159972
214 234928
172 82343
296 171071
57 18811
121 60875
40 48011
192 150766
134 168706
274 52069
139 105405
278 212066
45 102137
86 198767
29 95286
120 252317
46 4109
63 211394
3 48702
84 162441
30 45345
45 36003
60 171134
177 35132
67 143433
107 181889
159 64349
93 180668
60 210473
181 138634
21 240983
135 230308
296 59201
128 194593
2 89519
84 7541
266 25019
164 75730
128 11798
191 135981
75 227027
75 213516
21 234817
87 92267
4 242190
240 234221
168 12174
53 39064
282 42563
160 239977
136 239766
60 197143
263 98684
168 73899
202 151861
74 225741
70 239949
242 135874
21 41149
122 266457
104 96108
271 212957
185 147094
238 202996
227 123271
224 47471
86 203649
180 200250
186 35608
244 104307
120 39815
22 138423
240 22364
269 71760
58 1358
103 164827
232 119343
31 108061
237 70052
70 173486
68 109577
783
169 15504
181 149519
111 51056
3 46325
121 119482
101 15531
220 128713
294 47039
1 124549
227 65682
76 192489
279 198760
6 188071
135 23693
216 88094
237 207046
234 6325
37 184203
142 66488
253 13401
165 150153
202 121973
136 118830
249 141949
249 90322
193 86271
298 73221
148 153284
142 78672
172 94870
43 94046
299 197411
131 148502
258 82566
139 17530
239 163136
247 136865
251 7935
195 171161
163 177538
164 90252
216 63410
179 177778
166 2057
131 113836
162 133315
175 90923
171 150373
169 225866
139 191070
98 4598
99 186104
11 83250
72 36595
89 172584
194 80507
75 86752
59 164143
100 36782
217 136647
4 66038
62 7226
59 226564
225 180269
89 36278
225 47257
274 224800
202 111780
210 90251
132 116271
297 44954
168 85619
129 226749
126 98906
208 148107
69 31873
78 119351
187 165493
168 121943
205 159394
27 47262
275 36412
112 234621
96 89185
263 10093
280 81497
41 118991
19 223170
66 61504
3 173363
253 225684
74 5791
96 20455
74 27458
70 119372
107 153113
65 173942
199 57296
200 96875
117 75857
143 83572
207 71311
79 22551
241 127509
59 209873
147 98505
277 137469
237 217826
130 94165
294 29946
293 7125
99 125929
197 197353
249 91703
98 13756
193 66572
285 14927
265 99002
259 34815
32 76551
87 28868
40 76006
181 31483
40 195457
192 187682
48 202805
49 59531
257 51250
98 116444
154 147838
41 147767
277 134717
32 145227
136 8946
191 83073
55 102625
146 8852
94 240
81 97300
284 77889
127 49518
100 148367
29 78971
297 92477
248 137742
33 76952
226 47552
251 141644
203 15955
141 89987
153 18819
277 43714
205 148186
208 39545
13 112546
166 107085
53 53956
289 179616
7 144300
139 208217
300 101064
267 129619
69 137199
204 59025
291 122068
15 220949
126 120332
92 206350
118 66617
283 162351
8 197708
144 219333
89 226565
39 8212
133 25922
272 35879
237 103646
260 142958
122 134493
217 18502
90 4262
111 146104
74 151428
155 221534
167 74602
242 198615
220 30098
31 177482
16 41461
199 52703
227 957
142 35010
295 186175
123 227892
193 14556
184 126776
147 195445
260 90543
173 139651
106 156601
184 83733
254 187713
175 233584
24 149995
48 126667
13 133120
147 20229
158 65982
154 74213
237 127327
121 207866
47 79433
151 227940
288 144392
270 208274
28 11440
3 38553
215 127093
233 57670
161 214228
24 166736
288 164609
183 80415
193 124444
111 36297
169 145777
283 91222
52 60992
32 96523
167 54733
23 53603
103 104834
22 84415
171 106671
12 134692
72 83742
300 110748
41 168716
108 106777
73 99719
217 141030
63 153000
79 216152
17 197758
168 103344
130 135380
114 131428
278 231411
12 182587
181 35302
258 212623
247 68869
189 50078
79 145387
166 160777
115 4712
240 133190
200 91262
233 134984
196 26746
190 10401
268 139695
55 28376
181 67128
298 98288
127 194952
220 46826
56 119368
70 1555
231 62976
45 58990
32 141510
293 113526
116 133100
129 47894
127 940
131 45331
94 51619
124 198827
188 212440
290 106139
145 21116
178 116777
37 44643
11 199619
188 218732
68 117260
106 162005
151 193281
250 185038
118 93911
132 176097
254 191605
232 125640
123 197773
239 33028
130 10132
204 16361
144 111152
168 41538
272 159333
215 33035
5 107431
227 26958
66 52756
195 120632
145 130714
17 145633
247 73992
233 205370
277 72178
162 7999
102 234719
132 94468
125 4599
136 146354
2 4094
163 116445
134 151788
129 27164
126 102087
135 64178
170 116430
165 14734
270 182132
169 114573
162 139603
93 170945
180 195163
64 229478
291 33798
216 173647
216 233629
193 115182
216 92821
26 131284
76 29969
280 173547
80 152021
111 50774
296 138024
33 87193
210 71266
96 32627
226 92712
272 159201
20 127962
14 60076
234 189615
228 135742
122 111740
112 123617
7 129103
281 59585
21 170326
293 74937
208 168717
81 211430
300 25117
151 67020
47 29000
82 151330
80 65742
253 30301
137 212928
37 185552
258 41472
81 187343
23 65277
156 53631
259 157490
210 98314
266 21279
40 36324
234 195819
114 148081
159 184145
103 175005
65 50409
136 61239
40 81700
107 179030
82 191157
160 95799
241 216118
189 176708
103 228099
209 93793
50 131253
35 178274
186 13664
161 131065
227 69779
261 7854
293 187941
5 123697
123 213526
211 49543
247 36927
148 63681
231 135043
93 45089
33 113899
196 196323
233 66312
5 81038
85 195656
213 76240
182 72355
236 196769
113 96394
3 192171
86 20267
293 216106
132 40626
35 54927
15 82519
36 112415
208 190480
210 51083
130 67332
75 56846
182 90196
116 76835
236 84397
299 16549
93 233366
114 8878
22 62258
8 29772
263 76775
68 101531
13 152328
93 129752
54 233284
267 154406
129 155260
108 62195
103 210818
231 115634
130 163289
19 176308
285 177550
190 121005
298 140653
184 98249
174 131416
99 114285
276 171832
64 88865
269 209226
231 101379
251 66337
237 71581
118 107116
166 51303
299 30082
56 162625
201 177007
147 20489
198 233837
234 74126
26 165263
119 111144
75 195251
102 154846
257 191303
54 16430
283 128867
161 48285
104 39545
66 103172
295 6149
180 27751
52 65628
217 128793
255 122973
42 185701
147 106775
2 200280
281 70951
163 163879
44 3401
180 9400
93 50265
177 103700
96 37701
153 12757
286 137234
118 71703
91 92625
208 120201
11 217307
283 39195
197 32680
211 164658
151 210765
74 196619
5 142153
33 7908
174 150720
13 58785
96 234280
12 172449
125 22800
180 219322
90 195430
124 221942
92 45464
46 112571
295 104291
62 182849
199 203152
228 111284
275 135692
153 119183
116 40944
264 217191
34 115414
48 17940
135 192808
182 137866
196 221787
133 15208
42 144155
134 193795
218 97950
19 199657
276 133434
216 204433
139 225733
80 66560
297 5668
230 35454
59 29872
111 199195
240 152905
169 124804
39 128164
107 125845
75 92073
232 49402
270 156375
234 86691
86 205556
215 198189
41 28880
134 166471
29 233221
284 63278
47 201616
11 95993
16 51185
93 112272
169 88482
166 38011
209 108294
51 190479
159 234488
111 53463
158 140742
168 155518
212 174965
235 10669
238 71287
218 65142
54 14256
54 131551
56 48613
61 229970
75 112976
118 11958
276 66021
264 47456
68 228539
294 207751
111 166259
236 40378
294 16472
283 166149
126 45913
207 152875
47 201551
6 95448
71 78128
209 189429
213 210650
279 187889
206 163795
270 80623
63 97719
243 143714
217 136792
226 182794
109 190582
202 23172
212 204000
91 18714
267 126277
73 166264
133 98352
70 127443
242 173256
29 230488
61 146576
2 128586
250 75756
150 40369
257 190220
175 181750
38 133493
225 66765
237 60267
159 156181
266 122831
229 109704
155 86974
4 135239
279 165610
189 69272
152 17203
207 72375
22 114615
163 174998
281 228592
210 150246
196 76847
30 33576
19 115431
159 118349
192 142651
257 113319
80 58949
118 72316
61 9952
153 60808
155 2433
298 153215
258 95018
106 119796
215 213072
168 107586
193 218299
254 126390
272 117388
126 229014
181 202635
156 75201
100 127075
169 96588
117 136315
130 200473
55 62338
31 150266
108 29479
143 139688
7 16628
241 208766
179 229537
282 21038
256 219462
65 108468
8 94405
60 83707
112 9809
132 137589
174 160209
237 69814
203 171457
89 7672
214 216057
179 230725
23 22883
136 17114
147 43145
296 43457
105 151820
299 142423
98 24787
88 31617
290 222154
176 101728
38 25960
8 31095
31 174779
136 193377
9 142312
200 197260
149 203869
93 94858
25 37308
205 59210
241 75491
61 83975
131 186576
264 59302
280 77796
132 222953
283 186755
56 143713
299 25600
221 162948
9 103092
247 21416
76 27488
293 148705
88 11120
86 35510
151 70702
142 181000
167 125977
227 120214
38 233076
221 139132
255 189954
202 176435
240 151555
52 22975
245 47721
44 44753
149 228126
152 142357
90 197339
261 179171
111 133322
171 172753
217 109768
51 112633
278 230833
6 24517
130 17553
36 188161
37 48469
112 120264
167 22220
96 140608
90 143528
65 217368
289 98288
116 151052
66 159327
119 119320
234 35798
55 57604
290 147736
56 2352
258 218161
228 62560
94 219546
282 127913
285 94263
241 95908
241 203421
237 180955
18 79635
229 149722
267 162504
127 135523
190 176120
83 142047
121 28829
19 164201
289 96129
60 81024
4 9109
105 62592
124 61788
289 18926
90 52206
207 123303
65 218252
130 132027
198 118163
295 10675
181 199613
219 127589
136 124843
198 211007
236 94896
86 214600
106 51847
290 165435
263 137278
582
257 107455
83 49424
50 87997
139 72361
283 60536
189 142318
280 111023
197 75559
206 133029
135 97021
300 15635
40 64532
240 47712
248 90300
152 163964
257 2281
113 152946
155 61699
237 32883
121 19992
49 120119
197 129124
91 172559
204 86043
138 38270
85 1845
10 92182
84 162584
84 108670
147 159924
248 4297
201 34807
179 96050
179 60561
40 100275
209 75409
105 38262
249 120350
118 167530
138 120971
266 64407
256 131322
247 73412
172 72001
1 26365
209 146489
111 79715
102 132930
259 4444
167 95149
251 29185
42 135570
144 68694
278 69232
34 67540
12 157443
54 12794
245 14463
125 107875
41 6858
267 160352
69 18008
109 13822
29 92864
31 61554
194 60508
249 36705
258 27198
157 9525
251 129373
286 54233
8 86127
13 50021
28 125672
201 97325
201 43689
201 38555
277 121660
253 128118
105 21876
109 20530
277 53505
28 67286
252 71016
165 147837
137 171186
252 29036
272 123755
27 105147
288 82418
279 5327
46 22937
291 26427
274 106058
21 89270
254 50305
213 76952
188 93969
150 110070
5 46486
159 25861
212 153706
155 103883
127 62243
5 17512
250 67273
143 138276
147 120565
230 137227
191 161509
52 18091
216 60213
174 138078
182 83735
269 13163
79 12531
159 104070
299 51033
214 7776
221 33883
126 1529
298 109896
241 68329
60 30523
29 161855
74 75194
89 75097
259 147467
224 77562
36 136472
167 155161
192 34467
82 41766
295 170493
79 154631
203 125431
38 50065
247 34532
77 171691
113 33726
152 112979
180 92813
262 3228
283 10822
56 36343
142 97816
117 182
62 99170
255 145536
236 74167
116 139646
63 99196
130 100364
294 97256
259 75076
18 99786
32 37740
208 28425
245 24831
117 25692
217 119505
235 80370
216 50884
155 62291
218 79280
85 5462
146 173447
222 154572
13 59431
223 97185
206 12424
228 62403
36 102709
232 138722
175 172887
291 100952
35 103109
168 86834
34 35360
290 90876
52 19787
147 124284
46 95440
89 44748
36 152837
245 92474
12 41037
165 91469
241 65530
137 149142
32 169473
19 124086
215 162694
49 166238
32 70398
24 96256
157 43220
262 37597
22 168707
227 76480
230 55018
193 150288
215 12613
247 71220
190 72248
154 62510
184 26366
4 49825
172 154816
65 43703
206 111770
95 120171
287 6183
41 130462
75 146676
232 49861
224 88994
199 9871
73 161109
85 9708
207 53002
241 130928
51 25013
198 144119
95 160832
93 83907
195 69055
256 126345
17 90432
197 133722
265 48929
112 105093
21 75898
66 133466
208 151761
271 130969
69 69668
15 9288
213 63864
85 34803
275 23432
228 72590
257 55674
60 41054
144 5644
293 28254
239 154180
260 129414
89 67053
287 33237
185 167660
5 96015
40 147138
239 136577
66 112973
130 72945
233 127327
164 150443
223 117463
278 132294
162 23718
159 130398
147 125450
34 119770
125 80623
157 33365
228 48156
132 7554
202 27049
142 29024
202 90278
275 62053
264 106966
270 167103
212 78354
186 90477
151 117570
97 21949
208 85863
196 153247
228 167516
173 79229
157 37355
150 164566
189 18588
264 5120
284 32287
182 147291
212 20618
41 55837
274 26655
176 67608
57 142541
283 75087
193 110127
141 109151
298 65801
183 127147
20 53942
221 125831
9 140207
124 93438
162 77694
114 102055
222 11496
139 36802
143 9225
232 134761
215 103034
98 33825
140 59037
92 70384
44 21169
123 152320
1 77673
276 111665
121 69358
55 42381
178 95461
291 46389
133 111116
245 143473
268 71365
279 144749
294 41037
150 21623
183 51590
240 25084
262 82336
108 105802
160 152655
259 59128
253 134694
133 167058
145 167009
161 134433
285 137320
118 23199
161 130583
55 126392
88 70018
75 152988
23 129726
130 36753
70 26419
295 103381
8 128614
98 172209
34 57570
105 125521
95 44846
88 162455
263 23594
160 11296
62 154035
162 150830
137 30702
84 126845
212 121569
267 81953
235 107293
15 46116
111 115016
206 83166
295 84942
217 145564
21 85448
197 78787
115 116309
128 23199
179 13348
219 54980
84 8724
194 30613
266 39787
160 163786
234 98154
125 98788
23 46594
37 44316
101 70103
234 54170
9 20466
143 125290
111 103557
217 75192
44 130712
58 51932
221 88760
96 163144
113 160479
224 171191
209 114143
273 3776
69 148599
93 44847
3 95744
79 47437
59 69353
45 2158
66 78927
189 80136
37 116489
171 30611
161 55495
259 99292
101 174410
283 32123
164 118
291 114189
282 25861
45 85076
161 104733
154 81849
141 125057
225 66620
249 116574
1 43739
38 34619
247 37262
15 22748
19 12483
50 77760
125 172572
257 10909
134 166342
44 132454
213 31213
192 25619
59 18579
146 155286
23 43720
226 151158
208 23420
234 32684
12 144591
23 172651
108 125353
8 117117
214 101829
31 98752
175 138792
156 155383
109 37800
139 19420
175 153223
154 19332
169 138295
125 6451
99 24063
167 40894
268 124052
54 140640
73 3755
10 125940
50 18954
279 83857
225 67086
282 164284
277 165239
163 167718
34 54176
136 163534
228 104587
224 174362
62 5561
227 117823
58 173527
171 57080
175 6892
242 124922
182 112215
171 99926
205 108549
29 35728
105 4992
215 161741
296 170699
234 88489
253 120841
142 99694
280 152510
287 58033
106 93397
179 163166
273 118329
278 6659
128 73848
95 80434
219 122792
19 150400
82 155077
11 148371
116 27555
38 42945
259 19214
32 165419
158 75537
196 31856
84 17875
229 30302
60 5813
123 153123
234 70744
265 121914
294 140516
219 130129
35 36636
60 60070
75 38405
157 19954
254 115684
64 141918
84 2679
284 113938
176 118516
82 134812
120 140845
46 107950
211 82277
204 122752
155 101021
184 51884
292 125487
37 5361
41 122412
259 22903
290 142441
146 144906
154 47491
12 55001
255 68523
276 7781
224 4533
105 5775
295 1482
177 118554
146 26622
208 68944
193 127676
243 130689
101 55213
268 96309
87 123631
9 1867
59 106618
264 13650
276 122774
274 46508
177 98920
109 38283
231 138435
110 91556
86 146075
169 106656
174 124733
233 67792
176 18747
244 36985
105 57820
229 79573
19 127831
75 158529
150 7655
241 9718
283 20938
230 154654
249 18652
107 109296
232 100146
53 151087
187 65288
179 31732
193 55643
51 92164
245 86866
26 92661
128 74383
131 140874
43 10572
20 36261
6 131025
816
280 221099
209 53403
216 94668
44 162214
10 96661
300 89226
101 117902
172 94609
169 66553
19 143250
294 120800
41 197767
88 225718
292 147468
39 74669
130 197366
120 90131
287 176910
287 153961
259 21353
221 3331
137 139813
233 155349
163 167938
14 125407
9 239578
40 51767
114 96766
128 68144
83 53615
159 49444
123 204982
232 65635
212 53408
85 97080
51 199002
15 44116
218 111077
294 229786
68 37749
112 130054
86 158060
20 12155
170 241902
78 85927
252 5472
262 47061
156 68802
42 124878
49 23975
239 205741
239 96717
114 92030
213 136157
127 3602
109 180160
175 129506
285 138331
80 83230
160 45865
146 29457
73 20148
187 239026
160 39856
34 117001
90 500
64 130555
112 23766
228 190965
101 153057
273 60529
113 221749
191 104680
81 144508
94 204884
256 124356
87 127136
17 146238
6 49263
12 144850
290 106502
51 125661
44 152919
77 230152
202 18411
278 145734
90 70315
22 220522
76 212618
204 98914
18 86802
175 216148
99 148170
216 77011
147 52994
279 151870
136 113595
25 30965
276 222005
267 149305
259 33877
192 193567
216 101683
269 185073
89 207294
257 208481
143 52300
41 223659
92 78786
246 115910
283 194013
170 70
42 180954
118 217809
19 96968
13 123
269 200424
263 136641
267 236606
89 32287
115 238583
264 108238
88 24310
89 114718
35 59709
127 114923
108 49780
292 107327
141 181465
259 30148
113 102533
8 200676
214 196439
183 29247
221 150463
182 231880
174 45993
217 7165
60 81027
227 56577
31 173485
235 109399
141 15484
242 85437
188 49131
109 98851
242 149599
183 56262
191 186198
148 158574
16 78507
297 98624
229 168200
99 112832
176 182248
265 146151
110 228743
262 100381
255 81449
12 172820
190 93828
90 8192
131 203596
235 183030
192 45657
34 187360
155 33334
206 3163
106 174024
172 147437
22 190745
212 126438
10 176768
260 210706
228 165871
281 96856
174 173017
23 188594
271 44478
16 94345
89 28180
137 17516
282 67731
12 201965
123 85149
63 131480
25 240905
242 71185
208 182795
133 136649
195 96705
9 162204
137 219356
157 59402
230 131625
65 11025
189 179643
13 20579
26 158007
160 11273
93 192316
232 229012
249 178413
275 75899
16 105628
141 49302
296 219668
85 14198
27 67459
46 153759
208 48066
158 136227
245 66243
198 3484
58 153494
201 211077
12 243224
247 98229
171 129016
79 231418
257 51431
220 205134
292 185308
165 70392
200 243073
56 101314
266 153469
4 237394
233 190559
48 185256
14 131555
80 112691
27 206309
176 95120
198 238303
228 45984
49 140384
26 243332
58 125772
212 233080
267 142986
121 54729
243 33998
251 120052
185 146371
127 124637
231 33108
32 60201
80 210775
135 23416
218 21782
253 203778
106 122876
207 226701
210 206105
290 145288
113 16914
167 29831
259 111592
190 65180
4 75363
231 51470
259 194522
70 112377
253 152802
264 31106
92 67729
232 101876
201 70189
228 195964
112 19190
100 56893
266 193357
172 96081
147 148160
26 201310
216 40435
269 197712
172 83436
230 144888
146 44858
7 179841
50 119875
53 220362
78 228393
287 194277
253 27225
222 149868
162 141296
186 45626
230 28041
86 181773
151 152935
7 132278
170 34812
159 244602
133 178580
105 7049
238 100513
21 74136
112 183779
81 77213
164 56627
131 81447
132 210157
104 109399
176 176888
7 147262
134 36596
34 110997
211 114302
93 223571
201 71074
64 88815
44 108190
139 19314
72 179727
262 38391
293 231035
60 217539
98 24506
177 75195
282 97217
248 84486
284 173260
50 227840
145 122792
25 160151
1 163674
173 218886
194 25391
200 208172
86 225697
151 137480
189 82403
8 50323
250 192074
103 234618
2 65624
282 175991
187 183461
208 61835
143 104172
287 9178
190 2223
256 174819
82 109832
256 166938
90 231694
274 102947
34 151456
188 163885
57 226897
181 146281
14 163568
88 83750
161 116658
18 43339
46 85886
246 93808
200 198357
206 233945
199 117853
42 26575
112 90632
169 46237
222 198117
91 211300
222 127363
155 205787
298 21181
283 155687
7 194471
50 182291
29 176596
218 225516
78 186625
177 17468
154 243233
182 124513
159 1157
26 177992
113 194791
34 96267
99 30996
33 53413
76 56885
178 145870
213 37048
262 172984
140 140768
84 243428
145 203493
150 216801
113 149128
50 153570
56 53304
70 212347
154 134106
217 102520
102 96953
74 82074
174 2186
226 3119
258 161818
12 91917
287 210902
64 211626
166 188151
134 5851
50 8968
207 109671
135 6549
194 24519
292 72178
15 215485
244 226277
112 223246
15 98225
282 84254
152 28415
106 171558
111 104619
165 26772
50 16297
275 221887
37 180691
91 100420
116 189776
292 192579
274 113570
292 54704
57 109835
98 120854
104 115165
167 105966
25 68957
74 236696
258 209875
228 104436
16 181617
94 227168
128 197150
258 142094
54 48861
278 169856
285 141535
181 201699
293 140641
128 155781
191 113475
181 67381
226 19687
234 28342
27 93250
192 203039
119 235010
260 97618
113 207324
183 89559
223 166129
203 61588
267 126300
49 173739
263 59739
38 186992
30 105303
27 155397
94 63313
132 120085
27 106219
22 206377
154 218193
299 162986
35 168770
251 142260
57 212543
174 33490
171 227982
177 44316
88 82027
236 171178
157 184396
237 173364
39 181775
282 1288
60 70339
37 171622
34 2448
17 198139
127 20804
245 161720
133 30842
165 43471
173 204841
65 80906
212 147206
150 213256
262 95063
60 107028
27 116502
10 229283
109 32510
118 229482
19 102964
28 172314
195 204309
154 5369
170 176024
263 240286
90 133024
112 210697
11 35105
12 46748
299 150828
288 163834
295 36440
215 132219
194 7567
48 43977
80 6130
54 211162
185 28586
214 189386
106 53132
83 21716
245 187496
227 97708
20 4783
114 50173
267 123326
108 187834
155 51275
77 70499
100 29291
100 34070
283 226877
282 110287
113 204215
96 91966
99 115531
51 109636
198 70197
297 175113
60 193508
88 225148
242 215298
293 16744
138 136994
35 81328
265 216645
254 48487
218 163465
239 16782
129 236015
24 60203
258 45575
10 52226
258 142202
95 203315
15 97972
275 24815
81 150572
202 193176
130 230609
219 242293
287 217938
89 48463
82 171914
87 77802
187 177479
107 224291
239 15286
188 213155
27 49260
196 56573
81 47763
49 158186
67 5295
92 44062
273 50892
284 110854
42 90310
193 153377
258 222261
17 129912
154 36787
292 180347
229 83914
52 19706
119 31167
37 43772
162 213749
195 202688
232 234048
226 227790
292 116167
154 29624
73 214293
215 195698
264 179068
232 68427
130 165798
120 226567
141 81401
276 207643
262 213478
77 224709
169 190543
241 101701
281 156115
37 200251
22 138167
33 87454
196 98290
203 157590
30 237717
162 62712
44 181781
75 238172
56 173494
63 151003
166 85718
253 240362
31 127444
128 163086
25 43035
152 198587
1 229134
117 212557
263 84946
272 19426
237 194098
270 31378
215 144819
72 242444
151 199798
269 69774
185 222851
292 195776
120 132215
254 242798
268 198157
220 101600
79 219394
154 172696
250 185768
170 48424
277 192777
216 236141
155 23798
84 1387
157 135019
270 230919
250 30368
259 195291
256 49327
292 219705
182 209628
84 213120
29 220038
188 22996
158 5993
118 205693
38 111821
220 107038
217 46671
74 2895
292 202378
62 34522
274 180642
13 147919
107 203181
199 194436
92 189438
29 146669
143 32398
83 166675
30 7369
96 91444
195 83891
62 145976
235 73717
155 136843
298 104392
281 17179
200 94333
267 182832
56 67814
69 167779
69 32036
111 121404
261 144206
75 2412
179 93051
3 211811
25 143597
33 200015
228 198554
250 73843
137 59672
47 67871
212 211108
277 209041
12 55439
107 80104
101 120069
161 115841
138 201787
168 4016
39 66804
68 111837
256 178033
51 127928
233 224115
96 167834
286 124654
8 23418
242 137228
50 183880
39 57434
246 112809
196 147731
275 158864
211 97479
154 232246
76 157736
286 228725
156 33393
39 165639
192 122228
132 46485
20 244734
140 196479
26 162344
142 160744
76 26301
100 224826
271 76291
134 95357
180 148648
69 76367
125 236939
150 220353
221 20899
181 110990
87 151888
239 28601
60 155900
232 171522
181 122606
50 214468
193 100907
299 1134
25 138377
202 47580
257 23825
281 106321
175 76944
199 180947
154 208698
177 68387
177 50172
16 128728
267 163805
118 29399
266 66127
18 243377
108 79896
102 85657
142 134232
194 105728
170 138294
162 63183
37 67947
234 94977
140 211755
64 109530
115 38251
300 127111
74 157139
7 182739
154 173826
165 41156
110 152632
216 57424
295 126053
246 177855
282 35787
148 135518
19 136018
239 73053
171 115752
164 123910
87 164370
286 215066
296 135444
7 66634
64 182009
96 27855
147 193280
79 96230
63 230115
44 144299
182 119493
272 136337
21 146615
105 49404
190 89894
274 200955
24 237285
15 59685
4 95891
3 237455
228 67433
182 146215
806
94 111029
84 41150
55 17393
234 92322
174 116432
153 105088
102 89992
142 44623
46 73654
82 194274
36 213495
12 168529
20 24105
70 233090
117 134352
124 232861
244 14740
9 206173
237 25968
46 93681
236 156205
33 209891
169 2061
79 213000
67 22236
46 12974
158 146769
215 162948
115 174226
268 90474
231 207485
290 188018
25 208891
173 223598
104 117430
52 133785
22 67924
289 60114
178 207668
111 151378
225 149636
156 193359
163 129765
113 54393
201 93735
252 161489
124 219446
252 181482
37 218550
221 157063
253 5450
49 108244
87 1703
190 166361
97 237960
157 149257
168 194659
283 122369
157 17056
96 5819
88 216250
286 204106
243 210374
212 216152
40 236568
128 173860
60 136277
283 216391
22 53292
91 153725
96 94741
283 211520
60 18019
31 47968
38 176590
219 111976
282 182896
259 202018
234 239010
185 131466
95 207495
283 55583
85 31366
222 159798
288 207005
137 88033
117 77208
207 50013
86 10185
153 101241
271 185690
77 74074
106 130798
46 148571
274 37189
190 32002
72 193438
13 23998
3 238775
96 165844
106 116047
147 100441
280 181365
107 17858
72 18138
132 24847
255 185713
243 90654
256 122606
296 111739
114 167668
100 14525
49 75377
202 8836
30 42980
216 59511
221 231767
9 231458
2 67639
149 82020
264 199968
161 183414
51 93486
273 150416
280 63902
68 204709
75 14107
40 423
125 110676
207 88494
40 81546
242 149809
192 215784
60 171031
299 109827
223 48663
85 14281
15 89451
163 78453
131 199963
54 216656
139 217398
165 196797
236 33947
68 237155
191 77246
235 120901
117 11711
91 220109
75 96196
247 158076
43 186902
283 220327
206 56521
278 37348
142 216356
71 24370
55 104569
244 175390
57 107375
42 165106
43 101410
96 25560
191 97356
298 196356
195 137941
237 166447
170 19806
26 80120
11 10444
9 92764
299 156151
49 29935
11 151090
75 161675
227 15805
155 82013
282 158886
238 191415
174 149454
169 223007
263 125351
250 6127
288 152771
287 146606
173 66032
140 31420
109 51048
14 34258
129 185501
58 38056
118 121426
88 37272
212 105380
298 26415
275 144311
60 217700
43 219637
190 39513
37 8473
300 49055
253 96770
290 86774
99 48283
161 105817
97 204951
259 89416
258 12850
3 76127
166 16970
72 142420
23 155412
48 57862
56 95819
60 144136
288 87028
195 66613
26 134053
220 20406
81 45771
218 133271
35 112099
8 212303
175 71968
30 94870
131 148651
95 155633
264 155081
279 216696
41 97190
209 80537
195 132727
167 48822
53 106461
42 167873
158 18213
50 110655
92 53517
253 143842
268 57753
20 81953
240 97259
120 150771
95 40569
59 131512
91 96329
292 134496
289 201639
4 121644
76 156383
155 146986
136 32829
219 185047
127 227553
300 91957
195 8689
197 222684
68 57047
267 56109
132 181314
63 178753
9 76696
222 48880
165 237736
286 85965
154 28245
160 88238
161 57111
187 91290
249 189980
215 114243
38 65324
13 238683
16 128474
199 59499
58 98886
299 135343
283 113375
83 116813
5 121478
125 49748
108 154030
153 100321
70 134167
208 225748
293 194025
54 224425
211 214270
201 72947
235 190192
65 107235
251 96522
236 174246
150 208251
167 223180
235 103476
270 62717
176 233483
5 197286
267 155720
72 240977
296 130821
243 61930
164 150914
187 78094
45 31670
244 18127
102 17114
176 7714
257 7935
249 227169
232 144120
259 170227
266 26442
169 85145
116 176247
154 120517
197 146738
60 198403
146 214733
1 221297
194 28191
94 120827
146 194153
213 112375
269 10879
266 169703
200 121876
162 236692
1 37037
165 30223
61 114192
238 235812
264 196246
257 132360
217 93571
198 222377
104 15991
117 146212
161 198692
114 45736
233 34472
149 108498
259 214405
210 167379
1 231155
248 241436
150 136639
161 51482
290 188756
172 80763
249 98760
162 159376
168 55282
145 172469
201 236231
243 63939
282 111892
243 234983
1 145694
111 131156
35 59541
19 67475
147 36535
133 1987
174 211737
99 26819
2 219615
285 35875
184 50557
255 56643
11 56190
168 93539
286 136785
136 161866
198 193317
81 166971
194 178201
81 12881
248 8365
168 208347
89 128407
146 225346
276 171870
287 142055
27 60187
79 183073
187 164221
49 96765
12 129395
183 69470
242 141948
17 159180
167 107402
80 115561
280 232421
105 237494
190 124020
126 115524
31 975
245 177326
66 52192
109 51556
185 200015
158 45667
266 170276
134 18488
73 65264
17 95555
20 132068
217 39488
161 107075
72 227624
197 54052
175 63358
202 65407
157 44846
124 223200
144 164240
157 196433
192 80746
192 209258
206 191331
54 21300
135 142284
24 213276
95 17753
229 100603
205 117549
283 61441
37 207628
215 103225
189 122585
226 185096
33 12200
179 49991
106 152366
74 93833
58 46116
71 57134
182 113115
97 8141
100 20313
102 49760
160 115945
263 6153
187 238193
196 107043
192 162365
47 39555
295 133593
243 169661
195 98851
217 92907
264 118471
286 220328
2 69780
283 11411
249 108771
38 241047
158 94880
162 6455
250 99145
206 166551
294 4780
135 105093
172 87534
249 47791
198 38061
104 226222
84 49550
212 154303
11 200867
122 110195
198 98748
290 236796
157 12662
227 65544
154 47410
294 48546
92 225972
143 213483
69 94619
68 164720
84 228448
172 89125
240 34720
197 219527
258 207628
63 111895
238 140864
58 221331
231 102064
258 74078
2 127541
274 115072
80 221263
194 8424
93 91413
146 85885
242 65817
156 174036
230 191039
126 185564
77 191875
102 113693
269 36633
270 34103
31 132648
148 49215
219 27024
143 102508
152 215547
89 185720
138 159680
277 55754
225 77082
273 213000
210 202015
173 184753
246 141460
161 106769
161 140534
190 239302
273 94043
32 24151
292 166471
161 137724
290 185307
103 36224
297 225319
179 119355
7 32440
98 225924
206 140261
38 214356
160 223667
171 89621
28 118849
226 51746
269 126862
143 163752
86 200461
160 51330
68 204915
184 156578
205 138223
74 33395
146 27912
55 51116
132 195277
183 186911
119 2461
113 36247
11 209846
233 180039
224 229403
36 183616
13 214495
35 18651
145 170006
81 22340
215 26067
31 69359
61 73068
241 72860
116 223218
183 174222
87 156244
169 121202
113 24875
69 234115
152 142175
220 135954
17 105425
52 86682
169 230138
213 166634
139 177520
218 198603
160 162881
199 179081
120 157008
134 232359
256 75557
63 5867
87 197873
164 35392
71 148943
290 199258
221 91501
138 14125
193 162362
148 72686
209 11202
299 111579
279 221084
246 157846
242 44076
151 52372
134 164109
61 84604
241 172446
188 132972
108 158221
142 73941
89 26018
244 57910
211 226922
199 209118
196 64548
50 210603
291 196775
93 95223
106 113746
248 184282
246 77590
142 225627
126 135422
155 167032
83 100431
173 51958
139 235090
288 138402
193 106558
178 47533
276 3690
78 119806
2 216496
116 130657
214 209637
143 22045
243 235845
139 151292
56 139644
214 154339
264 161583
106 57657
177 212649
120 229925
122 1290
240 185832
19 95209
205 103033
182 116705
172 108407
60 171482
233 769
33 113919
270 167257
168 192821
217 151992
39 19915
225 110403
200 38172
113 175826
86 1169
105 154177
39 201740
34 230312
30 230320
220 163413
60 75956
82 71313
32 153542
147 156288
245 90116
236 230922
21 184325
115 172191
87 145623
287 13879
225 137089
246 121918
188 100288
260 160375
210 102856
273 157360
155 186704
54 231755
116 48568
52 98692
29 45062
215 115302
44 12643
63 176817
231 62029
90 15454
7 50469
94 579
76 21225
57 67361
202 39532
74 175266
77 58793
141 159169
149 156831
220 213322
216 138646
238 146336
182 86560
78 74557
156 138914
86 141732
61 29369
149 145498
53 144034
83 123067
147 98386
87 192745
118 22572
15 115031
176 195313
108 23260
188 188409
221 229772
182 115239
55 116248
169 40131
187 238732
233 49546
128 236793
271 30312
203 193209
59 211333
129 67976
133 176796
240 109843
168 162784
290 48960
147 2210
156 155237
160 160142
219 154452
159 154292
81 106356
285 24602
162 763
52 99062
197 65263
252 63952
143 192180
271 173846
52 215263
152 101842
294 212834
225 72822
102 164568
97 48320
13 19320
262 226384
179 138510
160 74150
64 171124
182 42768
41 216593
209 150665
82 20184
15 104182
238 228777
42 106586
95 56820
32 197561
225 132681
167 172529
201 89301
41 161964
291 175871
270 134922
165 28937
13 48196
51 175522
178 123187
285 92832
63 180639
200 60115
38 68627
61 112884
106 167686
211 158996
180 17029
92 24553
25 205915
23 128323
287 63082
25 7949
111 177371
259 14239
7 227962
92 42120
20 50349
212 195609
142 220603
253 182229
99 149505
261 228380
250 41631
253 212679
254 24282
109 19030
168 46690
89 231900
218 193148
173 149636
16 241642
228 61549
329
9 87508
53 59839
57 9194
275 7372
259 80791
203 3779
81 74256
79 43703
36 84699
143 85311
15 25937
187 80750
184 40628
145 3146
187 83908
34 16712
275 42366
33 7538
129 29504
123 49993
120 19501
287 1618
206 56670
2 22997
202 10558
275 40138
255 29523
225 47505
238 4606
201 44587
300 55517
43 21394
150 80827
190 34638
174 48644
84 4854
39 55535
65 7699
134 44811
195 27308
71 85002
82 8592
155 34209
294 2276
140 31793
258 23061
55 9862
289 12650
106 90999
292 44899
78 56957
226 47618
56 137
28 42739
137 69322
266 21091
220 91339
148 88941
232 73035
118 69114
98 69978
14 92063
39 46852
295 16069
297 1758
67 5081
48 51812
6 21150
221 68483
134 34596
139 20935
299 57807
184 53113
24 18821
40 28132
70 30369
41 27266
221 953
300 94282
69 38563
236 62076
174 59756
260 76408
110 35934
27 13241
57 86344
144 28870
11 77240
212 42252
276 28244
252 86740
133 45334
20 52683
125 87975
210 20620
55 26720
49 83753
22 96917
234 31030
225 78505
188 26394
294 27302
248 4680
225 92981
288 95464
246 12303
229 65188
271 25433
272 17826
296 12814
70 77343
242 67107
20 37672
283 8626
50 52509
24 34480
92 45632
65 71802
47 81709
37 71279
87 39424
103 63681
157 11951
248 50245
77 59363
156 1024
190 2554
281 71936
204 87699
141 6357
108 12029
229 21958
210 21865
77 95128
41 16752
148 8494
41 60786
222 83509
166 17418
185 32287
226 34050
275 44667
167 89417
92 88061
266 73576
47 94809
224 26159
206 9453
251 77659
116 77356
190 62001
185 26969
47 12264
101 92085
74 56427
241 76306
299 96511
277 84098
277 83633
111 17736
146 34045
111 33742
114 36006
6 22758
95 47588
208 66091
207 94868
240 40517
77 86700
86 74632
255 55469
280 58115
189 58145
168 40525
20 32305
67 67262
34 49308
131 24072
270 97659
150 36996
228 32005
22 80059
142 51646
193 73157
130 60748
274 33427
92 60398
291 45122
228 31138
202 82764
276 4914
19 3502
105 45594
288 74427
272 31004
136 37685
169 98538
81 85278
284 20111
13 6130
291 78837
141 74312
144 55878
57 77739
187 93632
52 22908
210 76091
72 32425
157 64939
153 49328
244 25720
147 82354
32 40947
155 60991
33 6546
191 51756
187 31863
150 14521
153 1577
94 22153
107 67297
90 76263
208 67069
80 3711
178 59623
128 13822
46 26857
111 74478
297 68160
282 95538
234 40923
39 88475
187 44554
54 81365
274 7740
207 36125
203 80967
136 26623
291 75115
249 84351
5 10490
131 38548
7 21539
9 74094
253 27525
7 70923
141 35939
34 92426
198 62762
110 19691
114 98519
26 14602
60 37171
13 96274
120 20525
182 4202
62 80952
183 84596
133 36198
260 18798
148 32477
54 75787
51 65373
75 47518
33 81031
299 25485
87 83728
145 29741
45 13649
74 49050
65 18400
52 29832
236 34285
28 84057
93 61339
48 37478
221 13382
67 60760
105 44145
178 38626
131 68136
248 76543
104 73114
80 66110
67 84629
35 58291
87 83339
77 47772
95 25768
253 86956
247 93330
33 19673
236 1150
177 30672
105 67736
95 82587
89 95463
268 69607
161 81082
9 22600
241 41615
64 18663
275 22351
35 79967
136 46655
212 67735
240 5022
128 17707
3 48311
5 36270
69 31225
23 37777
222 8590
82 71011
257 2958
118 39164
60 76335
257 30699
231 81007
118 93024
67 15284
111 63268
86 57851
4 41678
247 81567
119 58646
79 23929
161 89567
191 85475
983
269 212430
50 245302
18 170380
29 100885
28 181589
195 277768
157 237287
33 6335
70 40279
269 251661
32 60702
63 76083
208 178485
107 16933
187 240020
92 82879
15 1763
133 278878
110 133732
73 282261
133 225799
164 117075
36 257037
148 208323
152 54601
53 167284
74 190176
27 198932
104 164837
20 126063
146 275952
2 115997
56 272792
51 79560
55 230276
182 171609
246 229731
221 13742
137 129096
30 28321
97 286921
239 237240
207 235280
227 18260
179 148685
259 172096
231 151083
221 244055
16 84109
136 69142
49 245089
242 143545
79 35112
127 172162
233 75213
251 134351
98 73628
286 32393
96 249123
151 126089
243 264696
80 150019
192 240410
69 163175
292 93570
45 246588
86 248451
279 294780
88 188593
41 21861
248 27375
199 127958
272 15752
234 261199
229 137272
59 199920
70 43749
244 236609
214 260657
194 97618
102 269907
202 82132
108 264253
154 95931
161 252816
103 216265
38 104603
178 61758
172 105783
12 82255
225 6244
247 84148
19 159202
274 125748
180 257819
140 82559
52 138632
78 41892
163 97155
55 203546
259 143236
190 58126
50 123400
288 21370
32 61120
211 88536
25 26343
234 279315
206 197806
22 245378
115 16792
147 150988
228 33113
257 188343
233 246839
50 228529
116 154656
25 50554
61 140767
44 10768
110 182118
299 172194
53 114580
130 244515
28 166332
141 279778
83 82366
39 146895
280 19578
264 39989
180 21030
187 215704
2 267218
185 289743
214 30872
284 141086
209 168063
49 177590
60 114915
105 17761
239 98126
127 272521
283 44542
271 213229
15 187736
202 94215
216 154314
222 187770
144 53453
221 193280
123 28738
211 172609
153 30493
212 22190
167 191841
185 162884
245 129611
254 148814
84 204631
17 163406
282 166241
259 207672
187 266515
183 189320
194 60185
41 77394
153 78237
288 157525
243 34822
61 213785
50 213965
176 163054
36 227647
44 223897
2 167066
223 161078
223 113022
148 296
171 127820
106 22586
129 230850
182 83155
179 103402
200 206497
5 205417
267 208124
204 213792
151 263373
122 37370
277 119858
140 287746
242 141496
112 133143
76 5132
196 1322
267 182288
127 32015
143 110609
3 34285
175 263802
129 49450
247 253845
290 143374
94 263746
54 19192
64 110278
155 26244
46 5905
19 133889
128 14239
187 30200
181 90289
194 87518
157 203796
66 35249
234 11096
54 72325
255 182242
7 192778
145 111541
56 30337
145 152404
115 203059
3 250509
194 280926
119 5257
64 198671
254 194331
61 274142
3 250718
123 72794
115 68587
272 278941
234 286246
53 43985
236 131438
289 255020
81 211252
183 63709
149 288380
184 78595
210 273782
223 113039
236 1308
60 100375
238 177905
43 188222
127 102787
155 62400
269 203726
50 63830
103 160648
119 245387
11 40638
116 115530
164 111245
81 93729
140 170735
119 121095
296 203985
203 221413
105 180800
142 251790
289 186727
87 211957
147 53820
30 143538
278 90721
28 169126
224 4931
205 66231
96 157598
46 9938
173 97623
245 165475
242 261693
126 262820
144 203603
220 137793
255 82544
168 82796
57 123691
118 138704
248 35603
35 58599
283 3350
260 33971
93 151753
201 122744
130 97166
85 8088
246 8922
177 30396
72 252251
300 134732
40 192786
183 85257
173 121479
18 129409
67 49498
280 196299
176 199571
163 157679
271 135866
116 202805
154 52532
86 192166
244 278538
289 97818
68 22387
18 105286
215 182885
275 253304
14 234469
214 194632
217 60784
147 4222
204 258019
34 224115
201 46915
50 63319
117 228242
161 93852
120 71162
73 122812
204 15819
160 50092
18 178901
199 266025
265 5888
25 170610
108 11059
244 155712
42 243401
262 152638
36 186915
299 95044
92 230451
169 228366
14 35253
116 14363
137 137024
284 196789
67 291773
134 15568
117 207500
260 26674
170 79172
20 34721
119 190841
79 201825
41 85169
195 283446
231 1787
31 149357
82 232417
44 237407
18 280540
275 199215
252 29926
5 208181
183 73266
282 6553
104 40019
125 285205
186 236075
37 78727
74 66854
250 89039
160 120267
235 78573
159 172212
281 20800
92 91397
16 231938
175 57836
225 125824
98 106472
28 43742
262 292056
25 63565
267 49740
135 19940
120 99573
108 21029
58 168070
29 258565
91 187935
133 284031
50 203047
28 113719
221 20127
59 73741
102 204240
286 165634
180 217367
219 47439
211 240679
178 21706
271 122956
162 196755
74 8644
284 27230
156 90454
261 65550
21 81620
151 129657
122 55042
285 278689
92 133446
20 269985
250 242019
27 256788
94 245432
137 47874
71 157385
295 146592
98 215002
56 284023
259 47713
94 214710
76 111038
272 133485
254 263058
293 60498
155 42416
17 245766
148 5681
53 201769
46 207348
217 112615
32 115497
47 268494
205 185534
191 206001
181 107551
203 148456
159 65956
224 184731
281 249555
222 160577
40 178416
166 110729
285 187829
78 112212
141 29941
298 41266
94 168272
286 246444
48 293234
227 173447
168 165917
292 102218
139 209103
43 241486
174 41313
40 286750
250 193161
170 165731
187 213858
104 48554
235 71654
176 110750
192 49306
56 232609
262 105970
125 288738
165 227583
189 82637
95 185410
124 230294
291 83128
19 208202
261 166164
38 18892
32 32806
45 149036
207 107060
278 24713
108 60554
109 96591
24 126784
116 168009
8 282221
50 87618
200 81821
180 78193
118 85239
140 42519
86 211291
150 116803
210 79599
108 243724
197 49597
229 133491
101 207978
218 40285
29 282446
273 213089
265 90691
228 184715
205 201320
87 274804
21 172931
137 73386
288 97300
169 234209
55 164530
29 200672
158 251428
184 213349
6 33840
1 273783
157 42503
176 71330
11 225000
129 196702
178 20912
156 190229
166 144208
200 44400
12 40139
68 143013
52 86058
52 283362
53 113417
224 130086
216 74012
96 36285
125 125104
40 159443
224 200565
55 184733
28 199927
264 57744
207 24826
144 25983
153 264078
295 24947
53 33689
153 230564
142 204212
169 268191
35 47148
146 287207
273 164679
58 265996
75 155798
41 211070
286 58704
30 220760
174 140356
177 37541
199 74459
165 289353
266 213013
61 95024
50 231966
230 130872
60 1390
163 182897
107 205478
10 147554
31 71831
143 178512
129 270248
48 36114
40 104559
271 150500
203 35369
291 96980
167 20499
270 252408
160 99178
208 211612
185 169864
276 172547
285 90173
203 43237
221 191243
153 128986
152 39213
103 59825
89 735
251 274990
32 229377
285 236667
36 110335
166 198227
165 283432
123 179815
87 81087
7 124857
223 151302
211 4568
202 80107
116 94598
243 171050
214 230174
149 250028
39 110657
11 82153
146 98868
249 79049
72 152080
280 255233
175 54046
181 266442
70 87259
212 278355
247 235951
132 24940
94 3687
255 49643
139 33533
51 2822
37 102687
211 36063
123 116119
245 57876
264 172025
110 153700
207 234217
61 240836
48 62529
120 222139
193 152167
56 166419
153 176984
115 90013
271 106800
89 180632
40 170034
216 59367
172 200849
182 20025
119 33797
86 138921
235 217987
254 128932
41 36911
143 284518
121 292316
94 264163
160 163955
196 21830
198 186678
38 27791
100 83232
111 58959
172 275125
174 134080
115 27876
100 249797
285 293837
11 202895
169 52293
35 143505
187 89173
290 201834
223 288199
77 190541
283 24709
105 148571
73 126548
112 208817
200 271012
139 230285
78 140357
73 232194
99 159826
14 286661
8 158576
29 269979
98 286243
160 42073
258 69416
254 152819
283 35025
84 124460
63 165813
261 145584
148 103990
79 29040
166 53398
244 287614
145 147707
225 282805
98 257154
223 38084
47 8773
163 242840
201 260982
248 147674
233 58375
9 257677
155 5425
156 231556
271 99950
19 251676
21 52478
270 11889
97 235575
33 129077
148 163192
176 21869
110 44360
61 200279
189 103924
18 156785
202 97935
53 112080
272 117043
125 122918
162 237504
227 124518
86 241101
234 187601
165 16591
271 222179
81 192506
121 264713
26 242287
52 164174
140 260812
105 49236
30 99800
256 77123
145 96815
143 17021
201 226161
131 68606
249 192727
112 276256
253 169822
149 157164
256 132293
101 113720
216 97035
198 125540
4 81341
288 13283
136 121523
194 155203
64 39161
166 220705
111 103669
43 236600
11 55676
5 140397
166 81365
132 20224
167 232815
12 186978
212 211376
117 34358
160 12607
140 172027
50 277091
143 111895
164 228880
75 252031
53 194727
207 63051
10 74660
228 75881
136 277032
76 95358
218 14985
223 182568
205 139088
283 189644
228 165146
68 71103
21 239920
119 82501
58 156450
97 140446
94 136216
71 226076
296 145455
257 17103
151 76918
96 164567
23 234808
2 43733
64 198230
174 54357
44 58870
12 190040
300 138756
270 84019
4 220474
216 211854
120 190943
10 117659
240 25189
297 274431
58 105235
278 17984
291 97006
19 286121
276 199248
243 27839
33 291683
93 81732
149 225148
147 136366
216 252160
9 35727
113 218953
250 160976
98 231114
44 35637
270 163988
21 289290
87 148529
109 67212
183 286858
182 245000
1 3374
190 53781
109 175419
64 119054
268 82580
100 171378
173 260161
277 73215
18 154558
217 282989
191 116093
164 132252
258 213727
153 97335
74 127573
47 61237
282 172305
103 111442
23 255158
256 160690
182 33794
63 72701
61 183508
296 260683
196 150861
256 181932
192 173549
137 39196
108 104110
173 92665
12 145445
149 167198
291 228069
213 225204
152 10220
58 108599
5 110590
41 48103
25 95557
240 164229
177 265664
170 26145
258 252116
226 211768
129 251980
152 250658
147 98645
286 146614
136 158342
43 284722
284 130935
43 252150
33 175572
243 56081
113 263353
203 130117
95 10025
242 210025
100 129123
88 185362
77 214591
63 260163
188 272214
249 72946
101 289656
118 55816
10 7875
135 44868
227 102732
75 284193
52 38296
6 285883
180 200213
168 226047
68 196850
111 2098
17 236842
117 73031
254 109911
117 93950
218 118272
13 123542
135 142853
114 231960
197 237179
156 136442
27 84276
153 200154
31 123108
21 46263
79 222980
227 92618
139 291324
171 89050
27 248669
284 232330
12 123164
221 140529
291 153192
105 49456
113 282427
47 41680
25 122608
48 3675
264 217683
260 250813
20 202978
40 52312
173 210883
20 55109
40 157203
68 205794
298 18709
237 5572
149 276857
161 122426
218 219553
23 152244
267 57726
38 197270
191 38400
222 7829
141 289891
122 123893
6 225670
36 228314
76 105622
242 205929
43 175144
173 116895
90 218404
197 19800
212 90773
221 72349
165 234906
13 266911
293 52684
90 266308
79 227524
149 45325
186 266336
284 292227
33 104453
166 265681
281 199607
42 121198
66 54108
128 44634
103 198420
208 282515
122 65457
296 5086
148 216656
24 103821
281 176540
213 47016
125 97615
207 78336
300 269365
84 115960
236 258975
267 57786
204 83409
426
70 69163
148 66748
18 46947
71 30582
118 88658
102 94629
289 88800
132 102489
257 115388
258 78166
111 117732
241 18564
78 42762
65 120405
138 60325
13 56410
122 27569
246 115522
247 57508
51 11065
236 40254
144 53568
250 47092
63 15559
130 52441
261 33060
214 89794
70 88214
157 52284
135 109411
138 43509
41 76314
243 92075
163 84501
49 117725
90 95559
44 6572
196 25558
298 87229
194 60133
5 44822
120 122553
12 126930
83 98438
171 55147
111 81653
23 118843
211 74500
293 11751
1 55034
244 93817
291 49629
238 121552
236 66434
148 95030
277 14920
66 120230
103 59274
98 7943
141 27207
237 91034
135 106872
28 56244
171 14661
88 60872
29 98468
1 58068
179 1951
26 42302
250 87577
37 119796
211 50957
75 115141
110 3026
234 90742
200 24791
83 116180
229 31487
229 111259
88 78113
164 53586
188 79599
251 124532
201 48313
295 59643
236 16758
240 18258
144 80222
294 96519
145 70270
190 100371
87 125840
161 106352
104 115815
226 51182
55 27268
256 97097
96 89704
106 113459
82 115383
242 63665
100 33317
185 11493
233 33824
180 288
236 96625
158 9185
38 18128
294 28135
223 38107
56 68599
211 22202
57 17098
227 71395
26 89661
53 54101
79 107918
100 44243
24 127345
30 126767
13 32028
111 62271
248 65213
90 112153
12 8086
148 83919
54 37762
265 54063
283 107287
195 73058
116 30352
239 76815
161 39053
23 107267
246 104857
98 7487
1 34320
110 107645
34 17083
11 29240
25 17826
14 63304
212 65036
189 42863
265 100190
162 78523
95 72974
75 105888
210 108010
181 87561
66 48274
90 66571
176 30743
129 100167
267 112502
264 119457
85 71013
80 53657
67 81409
62 85710
161 18898
147 75602
243 51347
238 92262
128 46002
173 95314
292 16752
13 29097
57 112621
76 83871
235 59131
294 43840
142 102413
128 11471
282 37141
232 23871
177 31519
169 112474
253 70061
136 101747
68 38543
177 113082
116 18574
255 96851
113 111230
119 99331
299 74854
200 79713
206 95933
233 23021
277 47683
296 31152
270 13953
30 30623
27 58630
20 122493
18 89431
200 4195
139 38337
250 20479
236 64190
6 8303
74 59274
35 38032
259 15249
75 10015
32 82816
273 11715
263 17764
41 71094
128 26146
174 25398
201 65012
154 34588
272 39597
91 45991
221 60193
5 10486
76 124332
286 62169
78 87478
121 13930
164 12367
56 2798
22 24645
121 38130
13 84407
55 78235
219 105652
163 39414
16 106373
253 90625
98 127540
225 14812
278 65888
282 871
118 78806
105 48498
48 36805
165 3955
225 12614
68 102935
276 6718
115 95544
54 25058
18 57943
213 123774
258 4351
121 87066
220 57030
35 119569
90 83912
122 95287
130 34289
228 106950
7 44399
265 75613
129 119178
232 74182
121 118993
203 55378
177 93410
149 26516
122 105534
175 64151
115 119535
187 18588
223 36806
169 59740
64 15309
225 66318
171 14630
110 80725
196 113054
9 28121
173 124218
197 83569
11 116084
247 59426
194 5250
68 79639
251 59075
122 71589
152 31335
68 45600
51 105314
273 60584
44 37396
200 114562
113 119448
111 100516
5 33071
126 7145
196 95016
228 72245
237 37183
51 126398
18 55871
249 47687
226 45917
75 29954
75 24195
70 46616
234 31501
134 61968
140 64363
115 59307
34 90596
300 70984
256 37499
270 7641
8 4913
281 67864
13 27710
59 118063
89 8357
261 30643
148 122260
132 116348
267 55933
165 12220
144 54188
280 32273
202 28420
84 105265
35 20688
11 24185
207 32699
46 16738
25 107693
240 86728
108 101123
12 60576
126 101306
129 93654
8 33071
217 104272
151 57622
274 88859
49 51621
218 29768
134 66611
283 98202
281 40875
290 734
76 34007
200 60759
259 36067
170 60798
17 125488
27 6323
208 44073
26 73034
100 120421
94 45060
102 25945
285 86361
231 82385
156 125959
34 68643
205 123098
188 8665
96 123560
259 49009
204 56064
166 87242
254 40990
32 47157
135 113349
23 27566
183 10810
30 21133
239 37440
251 21725
32 37846
31 50353
222 94145
63 2710
279 65519
204 58625
278 18977
75 52557
16 51340
31 62185
282 24597
44 53268
33 99686
109 18566
26 115450
234 87940
2 82432
40 61263
210 68191
299 72130
45 124159
173 41302
99 99039
161 64437
3 81057
295 28247
133 109350
28 75755
157 123447
65 56678
211 20025
36 90177
295 32572
196 115370
233 55496
87 44058
103 52733
175 120326
265 49054
240 35764
238 20120
288 72788
93 80621
249 66528
137 79247
93 104850
97 80651
149 38809
33 56644
40 20110
11 60841
118 56657
876
168 215405
16 194674
228 30540
116 211201
50 162439
24 240545
28 123736
299 236235
251 137955
206 119950
203 258694
266 189646
117 143723
204 49532
36 224794
216 219808
37 109403
271 132514
62 191514
69 4473
103 94483
71 194795
189 184557
119 164435
150 158595
154 243728
41 68509
3 10186
222 87197
154 188991
55 13078
158 158332
92 197927
116 76391
221 59364
114 134841
218 49189
13 44889
59 202344
120 224995
177 217938
257 141448
189 203411
133 46479
89 177320
192 181209
41 195017
15 34338
25 88210
115 149636
120 43567
199 152869
212 216913
298 261456
205 192717
142 157153
60 93364
77 209418
240 141373
126 211523
95 195486
228 239630
290 187193
192 233512
183 79555
33 192220
127 207728
253 22033
225 239098
82 165060
82 118769
246 183344
79 13308
137 11305
212 161053
10 185081
271 260531
1 117458
78 167897
4 242626
62 85692
112 5236
78 139753
163 239426
256 225205
204 159176
171 25878
92 5269
225 15262
184 165115
243 229833
288 56581
227 202060
278 255160
142 259133
24 95698
276 252785
245 197279
177 262480
194 216331
218 111733
258 133442
1 38881
62 188802
38 208416
115 237762
256 29635
68 185436
232 62652
209 130325
108 195401
15 194094
219 130807
227 70515
33 31271
269 115697
71 83374
242 204708
61 7399
47 165549
276 149939
75 226003
283 254049
47 257073
161 39384
72 165677
282 43104
201 132761
24 210993
280 249282
36 216596
228 26598
266 60501
254 148787
98 139242
24 183514
193 112957
102 201154
76 167989
156 60280
199 213331
241 168996
231 200328
43 250056
166 241236
175 63873
8 72601
112 139344
292 141198
180 81538
216 193520
7 116475
286 100370
233 187922
279 117861
215 2390
18 217090
74 215838
83 65508
280 242685
258 106196
167 223188
92 76412
256 97170
57 163420
209 184503
103 214315
132 22870
282 224757
96 73528
117 105619
165 192174
46 176025
184 150030
206 154008
293 15902
88 86452
290 221823
220 95551
281 163873
284 248596
41 221028
155 70336
206 181006
150 3291
83 40633
28 31413
121 113140
274 246635
187 84649
72 110744
85 1279
39 148024
154 75894
184 111176
18 82287
298 175657
292 54494
236 79860
165 100936
90 96823
242 16614
290 97342
36 189884
294 87756
59 46371
34 143816
24 111218
288 133941
196 48316
157 118954
7 11506
218 208320
22 37721
139 189210
25 112470
5 9022
145 161894
134 42785
133 174587
84 163170
200 196128
38 220684
3 108237
243 118063
1 251750
277 21912
125 259934
193 189933
67 221385
211 91685
144 26094
72 25860
167 31115
76 63860
221 107380
122 150398
237 27555
82 148408
173 171251
135 175209
59 107496
154 105992
155 243541
91 91571
198 248913
3 110011
83 225172
203 182876
82 114267
220 183690
207 17147
32 205222
244 200722
57 34065
179 12728
289 23848
11 175573
211 38349
278 26749
232 125174
173 54838
37 85006
180 40058
81 29498
296 237960
231 245238
39 2740
40 228366
196 253839
211 244905
28 32449
153 123327
165 124291
104 35531
189 128361
179 106107
30 171532
61 149300
122 210998
39 242595
227 239062
27 33182
82 62404
32 212457
32 55247
64 161525
269 169569
158 79827
252 95300
41 227446
276 150237
125 220357
111 2391
57 43232
162 69083
209 188730
125 169915
102 136293
275 138030
280 259020
21 206293
169 217561
24 211900
177 110551
214 192589
110 61905
188 10302
269 236233
86 154474
190 144054
267 146893
6 226452
195 249321
211 91487
95 153894
42 61674
28 166983
120 152025
20 141799
230 224288
70 213361
176 163554
57 153503
116 110331
148 206811
277 147497
185 32801
287 37973
153 163013
22 78496
221 7425
292 81080
75 116711
183 76362
294 35509
124 239857
215 77062
65 210684
53 98148
98 234046
274 258828
121 89663
97 78154
251 225504
195 212291
107 169372
165 42786
102 110585
63 76330
157 253822
209 63274
292 68239
115 78270
183 108627
174 164994
63 220823
38 134801
266 153163
207 214620
164 44570
37 208439
39 254343
176 172861
154 113010
232 110403
98 51626
90 123594
173 124877
156 153358
181 71835
28 120124
206 160585
45 83920
208 13841
233 60572
256 32566
119 70468
12 123605
225 262086
30 62199
86 236680
2 46147
175 114218
41 21216
103 193962
263 151592
270 137654
56 152105
186 224827
75 206037
61 251373
215 205273
44 62032
240 53722
233 128194
54 125051
61 246603
273 2427
199 116605
266 14412
176 189510
193 40206
288 64756
4 173258
91 161416
275 174891
63 237251
206 11542
22 76765
218 58
179 16404
15 255970
192 58705
216 114312
199 203191
24 12036
60 75669
116 251489
79 62891
279 213664
107 153209
257 186791
234 115186
9 18289
36 139599
210 55321
147 220720
121 185585
93 9934
258 194412
250 249180
108 101644
53 227148
122 43365
38 221806
193 192721
129 64898
128 34445
22 6479
160 161824
85 165516
12 211483
10 99579
148 237308
219 183750
190 241661
257 27217
114 3129
243 261727
197 106271
17 155057
205 102751
63 213961
56 178513
292 132620
90 19173
90 253446
272 73812
191 126808
75 189494
89 212124
110 134013
11 132249
142 211519
260 146130
44 116817
77 105240
64 65870
27 206432
65 455
295 259920
92 113348
28 65874
99 162792
219 172971
195 252547
276 61493
205 38658
68 35672
67 84273
79 20776
111 16416
74 73192
178 144163
139 196364
259 41843
248 94860
61 63298
265 212804
79 4188
261 43992
188 128888
265 69669
100 65326
249 5315
78 21491
279 25335
126 150960
118 220996
198 144257
153 187233
58 131945
258 217366
122 116466
42 254800
222 91506
201 219060
45 86441
182 46416
149 256359
141 63645
34 102283
110 184049
289 169157
111 97729
41 877
66 126435
55 59453
213 60065
195 132329
247 115449
123 84111
96 249890
263 98457
32 151562
246 163360
124 12074
288 175674
70 29067
29 171428
81 233633
75 9946
186 235189
260 111747
66 67393
260 135835
280 134613
54 223816
61 125958
57 26349
219 203590
209 111868
223 943
88 59990
141 58984
13 182911
35 175306
235 117661
113 18764
111 162511
228 257147
200 16571
176 181446
159 21791
13 41861
68 62312
119 213273
296 186129
262 143886
169 172467
169 1166
16 236075
233 230207
110 19258
35 204268
95 193318
16 226290
280 191549
109 251377
47 99801
67 68098
296 21503
27 98919
110 12050
92 179181
9 148405
219 148751
204 91437
32 49461
156 136820
187 178265
220 189226
249 252346
143 180406
294 170489
128 14651
151 100849
137 181109
25 165220
152 158835
225 89600
253 208126
131 91200
24 157639
159 61262
136 33808
23 191559
287 208144
11 14999
206 128666
34 113412
148 180567
82 230406
42 35727
116 29107
136 214695
265 24265
144 89301
269 202933
193 118991
251 139856
27 84193
53 195689
182 113901
99 108030
257 189628
122 154084
18 81027
184 202918
75 230225
7 95017
251 202884
265 154718
96 228364
253 80593
9 103255
27 47023
61 52715
91 121252
235 19043
144 93362
171 253216
267 61006
282 127441
203 78820
146 80974
51 136266
138 194813
129 197202
110 143079
27 183321
18 173557
215 64093
233 184772
163 123644
232 209239
27 15895
173 16604
239 45653
204 204567
237 11476
145 103802
273 34714
36 163686
112 54842
173 82347
294 94690
183 258139
280 232512
284 80717
42 13013
63 136446
247 235890
3 217089
83 205471
24 259079
118 218939
189 49626
59 120061
281 228675
166 18456
74 119211
8 132494
15 152783
189 111883
66 59068
185 201538
211 111434
192 55894
104 66118
299 24046
135 68391
169 173131
293 252049
38 133078
205 88408
108 237298
181 210076
215 52017
77 170083
187 128419
266 68213
82 204329
77 91009
35 12279
81 157932
159 207799
275 125545
10 148714
86 32548
286 143306
184 121737
101 75388
193 153378
69 137009
14 75581
209 78267
181 174508
74 79228
103 210597
95 60153
266 211578
163 58462
6 202083
126 95980
4 23911
43 219005
299 229338
165 218328
11 42656
132 135264
179 193760
199 9639
30 154947
37 192111
127 106284
193 92353
86 222402
250 126663
255 196136
96 85027
82 65517
21 238867
133 197743
29 5644
167 12795
249 201171
85 66287
122 99419
127 86833
70 231528
83 94008
80 74434
226 24680
2 256453
262 106971
140 21157
117 120891
284 86575
89 239724
180 189227
184 62646
276 127774
198 132688
77 17771
253 79272
59 110073
41 29007
44 132016
278 134449
74 111197
187 229634
59 207301
237 162756
95 196135
249 4933
55 37849
195 195125
109 6404
8 255542
101 215292
219 176012
291 216535
36 5892
298 136176
149 80576
205 201555
147 68384
257 163736
37 92349
108 141741
36 196254
165 147115
288 27406
228 179403
234 45173
277 258433
239 188514
37 63846
276 261978
197 164068
28 172234
188 101563
48 205817
252 33009
126 256825
9 233317
279 125628
18 13492
58 177426
141 66933
160 61921
297 122143
42 414
11 240170
274 46983
134 60323
215 154483
108 121769
132 74513
219 188356
184 33005
168 169557
144 25617
187 63944
42 10328
148 19879
171 168189
250 225528
243 172611
211 208487
16 2190
260 109566
177 6990
159 143568
198 240427
67 166149
278 237340
275 171023
188 24690
104 107132
156 99633
288 207236
45 136239
136 145410
108 102053
18 117024
132 79219
44 155803
55 22959
122 60629
242 110845
206 194905
41 30603
43 66745
252 70723
119 73651
263 24052
79 164386
112 205498
153 8737
214 251401
212 233626
244 244025
149 68829
33 38971
69 110940
16 261658
4 219091
29 40893
56 254581
219 218153
78 223857
204 16099
75 160051
10 216418
151 107607
24 1731
285 41321
262 190694
151 190872
138 202646
32 241736
9 71254
151 124807
209
239 12514
143 13365
78 56413
134 31546
122 36365
156 9313
207 39170
66 7340
30 10905
184 62022
65 627
180 50447
127 20851
287 12459
249 11213
277 20838
136 54641
157 25818
107 20047
279 35902
30 43410
157 59709
49 30589
69 16831
111 35940
41 28902
218 7272
270 50475
27 3917
27 21272
299 17006
46 24336
205 44521
101 52215
225 28224
235 45816
130 21232
74 24832
52 13456
4 55976
281 13454
162 25291
161 62598
257 10404
137 25628
293 35571
244 49057
229 25082
278 62462
188 29166
242 59301
54 8464
211 17184
94 8975
88 47436
136 36048
133 24658
12 28642
298 14174
293 62088
22 20414
165 31956
96 47374
118 41609
142 10147
58 34269
108 5401
244 35029
145 16206
86 41883
1 332
8 58459
90 38434
27 19318
9 8464
295 19371
53 59673
243 48211
172 1810
234 58125
293 11482
31 22927
217 50896
254 40892
75 23946
182 41978
212 15784
120 2380
9 22517
54 370
126 31430
274 51330
295 19555
234 22744
286 11861
184 22241
60 41157
202 9464
127 1591
191 46040
133 27840
298 13622
99 58689
169 50952
1 7778
119 30272
105 24638
10 6097
215 35869
47 3188
167 39297
228 62402
55 28449
168 35256
220 50990
267 22243
37 39387
209 52466
215 23687
53 43743
219 16958
196 48072
130 49308
24 51096
10 57520
218 49585
187 6580
94 51543
157 10323
181 34147
226 21612
295 15594
60 53309
145 18375
188 24028
34 46704
126 58913
122 16356
1 7535
46 50346
211 42194
51 57029
126 48626
51 8805
55 22501
233 21077
24 60689
298 57980
148 40328
28 28291
298 6810
92 18640
79 15423
196 7985
134 25491
138 39808
171 11640
257 36095
293 40125
170 22600
24 16060
232 56923
181 18469
172 23111
89 1698
7 54535
298 50185
105 11955
258 60524
40 3092
221 56509
100 55981
174 61653
233 42467
270 13492
111 47452
65 33048
141 2512
11 38749
226 47660
102 37889
117 27384
102 6396
35 16916
14 38384
180 40640
147 12096
26 11786
51 30579
55 10873
86 40452
151 11348
85 24941
273 10976
9 54705
154 23498
256 5534
32 20333
127 12731
58 28864
47 39623
249 60793
46 14417
178 39159
18 4649
71 51146
2 33499
212 26041
85 25254
488
127 11258
111 144946
214 50966
293 20754
98 59754
51 13656
163 73598
105 72447
127 144787
271 1875
239 7392
218 141769
96 38520
21 80649
278 142728
261 25254
297 141180
154 8430
124 139489
42 38748
47 41413
139 34091
212 54363
290 21093
14 43258
182 50906
291 71301
40 19084
181 125510
273 36839
136 627
97 70606
142 121042
231 6800
248 67513
217 49050
216 122734
128 66438
92 121453
1 9521
67 69640
235 54313
191 42632
245 2725
108 25458
167 40176
259 10469
77 7421
75 1504
104 89886
141 138016
158 29423
6 134887
101 82669
135 130584
208 101861
300 136255
177 116359
119 14894
263 62072
245 48993
116 15815
218 129891
15 30039
14 23434
225 140539
59 48221
173 128001
167 8150
246 79685
164 142114
269 54534
259 22276
253 138901
246 143578
276 34697
24 96024
7 80816
239 45457
133 6400
93 117012
124 104876
284 7058
202 78258
121 138365
268 48528
156 75532
285 110711
167 120060
270 21240
244 62769
89 73723
93 108346
200 76111
275 73522
240 56828
155 137346
176 108083
266 69283
176 67591
55 42722
242 126293
191 141501
28 63006
16 94473
48 7957
295 87638
174 127796
9 62826
80 44393
205 73066
236 146030
260 133624
62 99830
286 146101
217 105507
209 100935
105 14165
4 88694
218 108669
14 89713
132 124847
37 93038
119 32086
130 28206
31 17633
135 92958
293 62299
141 92090
220 98297
87 44140
151 82924
299 124786
216 11670
140 12062
175 122457
198 26006
253 89195
154 89532
132 7462
154 113224
95 12443
170 1074
63 81319
220 93804
146 24798
230 7083
175 20804
262 73670
243 57403
54 116214
227 41878
98 7262
4 28363
184 58469
156 129799
60 42206
130 15196
89 140265
218 52982
115 10258
219 106539
151 83958
133 116208
196 145254
63 41288
12 94277
142 76151
156 20300
104 68405
257 133356
177 122047
176 24979
136 117031
137 60327
98 81707
157 16400
43 22051
253 119027
94 32212
131 87192
203 105858
35 54413
256 102978
203 131971
230 23405
269 76854
78 105040
174 22059
176 19488
134 64113
154 38475
161 89450
159 136714
5 117731
300 31795
30 18943
184 145035
214 125458
84 112089
107 29737
200 37973
246 89255
26 91167
27 105897
282 35084
75 67147
164 83802
194 1828
102 13925
223 93548
99 135571
77 93407
145 112394
291 39449
128 37921
292 124544
53 40339
58 15842
34 116528
285 28723
247 61581
281 100184
110 107836
45 26178
264 44183
94 28594
277 62102
252 3355
251 136928
167 46790
62 35134
154 84846
38 118090
53 53515
267 46214
54 130412
142 103082
8 58973
150 120405
255 90985
234 90564
151 16632
281 62113
183 45241
252 106291
153 85052
72 18227
266 137654
265 27806
141 94183
103 146150
133 98776
244 140356
275 127069
50 30920
49 17371
23 129745
241 138595
223 49528
235 42236
39 21350
159 106559
56 110661
270 93532
242 97044
224 128218
131 59285
198 122139
108 59584
7 12733
59 115930
253 33405
16 53537
270 23351
30 123550
130 114408
1 114045
294 32116
99 16440
20 110787
288 559
202 71591
51 131284
241 138297
218 128995
172 112449
193 80495
293 21107
64 117880
264 102134
48 28088
210 40129
120 4188
217 134559
261 82032
251 10129
23 36051
256 73554
55 33418
79 121590
295 94320
109 55019
52 97355
20 126754
264 113146
55 92967
11 5258
274 113867
184 22952
270 109059
210 85137
43 142505
144 109413
130 126016
219 110106
50 76758
202 87884
283 53730
172 3762
2 42892
55 60300
272 78508
112 3672
250 9610
16 83844
290 67749
290 3550
133 57071
230 39176
112 10101
30 142599
208 134557
32 68058
141 75240
137 122311
64 34903
9 122481
71 107081
35 9382
54 22114
292 73781
136 16744
92 66364
99 33863
262 120256
21 32820
210 105334
108 36943
76 99422
133 90241
119 35087
88 114661
271 117869
56 47779
40 113239
87 11863
65 76093
297 86289
294 119567
259 4853
238 139889
270 115362
137 122667
154 5040
234 108764
53 71506
269 34062
292 107803
236 114596
190 128158
255 121008
99 35469
222 121986
177 2755
103 58235
183 144093
117 83328
254 141186
1 139913
118 63364
67 124953
273 21439
141 58152
51 6142
260 74875
14 91197
32 37557
264 140744
107 39271
187 103715
226 131268
21 105891
29 87759
71 52665
272 106293
280 17871
254 83095
18 70315
233 138368
229 127889
184 108437
243 1700
155 38890
105 84333
129 116657
244 136948
45 55725
100 130347
270 118757
174 130859
47 76532
149 135093
236 88157
268 15386
127 19355
190 102071
28 101526
115 135576
52 113523
86 126334
124 20067
256 63099
54 86843
216 98457
240 127139
102 145434
150 101480
87 144859
184 29388
151 132370
165 5341
158 61110
178 43651
219 121245
74 15187
163 73056
158 19009
67 51355
66 135154
86 137361
284 47311
49 90733
274 86229
276 109219
14 129994
282 24788
204 97994
170 129936
188 47103
198 37014
219 86575
236 40311
42 25775
88 81465
33 43254
200 129847
238 96076
248 57318
216 83841
179 78578
83 112570
222 87718
244 10981
184 131627
90 11982
150 77416
129 18475
70 26024
173 35794
251 77753
123 53802
208 139568
80 68062
110 18281
211 120398
156 101196
110 1280
294 103532
173 81140
258 108874
71 42325
164 104534
121 62890
212 114549
201 79661
238 64254
212 33779
213
166 28185
82 50813
171 62514
137 2919
58 55456
36 14755
21 61355
9 7395
20 63087
2 28071
97 53356
106 57229
47 60013
176 11575
48 19796
169 41119
182 32882
203 52802
292 21605
106 34885
174 26864
151 58553
54 19682
141 35075
231 39799
175 51204
72 24180
169 61403
63 4142
147 9710
120 13063
8 37122
104 10573
109 12296
211 4675
40 47524
290 36954
268 30016
199 21453
71 37878
42 54538
248 51443
160 18258
96 3629
119 32951
219 49064
118 35424
164 19678
201 46146
248 21893
140 31822
73 34762
224 26587
16 37975
114 9138
129 25152
281 27217
99 63503
156 12782
67 24168
165 3489
255 57509
129 3917
256 63272
51 33291
1 46886
84 62768
171 16962
225 59831
45 29083
78 54299
113 9786
164 62127
258 46126
153 10620
209 14678
231 4267
239 6909
170 30660
233 25526
103 29287
75 45690
203 11047
175 39868
94 58240
245 40319
73 2062
236 32847
170 740
252 7801
259 56231
84 18581
47 19561
52 31143
176 50683
235 39794
46 40771
202 20314
196 29809
157 34096
85 48556
240 23468
219 35093
246 17510
5 729
146 47487
213 6085
270 11355
211 19036
153 62712
263 42016
198 49691
30 53877
139 58038
244 7607
296 8950
216 6395
148 38506
197 12817
286 39241
64 40717
214 28226
211 18449
288 54874
169 31787
182 27652
1 13740
49 60681
121 35773
61 53017
90 58781
89 30119
66 43568
47 15304
83 45994
190 7176
47 58713
206 38446
230 36350
69 16069
259 28623
267 9982
35 11199
125 25132
257 45449
52 41656
259 8387
44 62481
22 52643
40 50383
116 3544
88 50225
98 29552
278 42521
22 51997
35 35729
151 4191
129 37879
88 57137
186 11728
76 45720
32 2475
214 48825
261 18534
222 36545
115 45595
184 44779
81 53297
97 40675
220 6801
182 41703
204 57732
60 13403
7 5514
2 2282
112 30266
248 34415
14 25101
280 56898
244 57161
289 57877
285 62600
92 58315
197 13265
264 3836
26 27358
66 39614
197 55472
45 53524
181 12637
109 40314
279 40385
235 4596
57 42343
25 36936
136 10842
58 42587
41 22925
184 60676
31 30684
164 44326
231 49558
119 9751
214 59947
48 44777
160 36498
258 20416
278 24649
203 17655
121 9893
259 62345
23 25361
123 3024
651
206 150363
90 163628
70 91395
254 40795
43 173589
106 101667
203 15204
183 123167
89 48344
226 56586
110 76462
23 190523
162 42969
171 192571
11 55131
120 21575
185 48918
256 5964
131 40106
258 171871
81 14279
91 179935
103 42193
265 13802
75 29208
122 151167
216 11647
200 85673
299 39741
32 127976
98 156882
58 52418
260 102984
296 175803
135 124949
178 58942
294 14562
54 138171
223 177222
224 67477
108 46098
186 142229
3 155937
215 57586
276 40075
178 90612
236 111511
234 112951
211 84262
100 146745
250 120584
137 62072
292 174997
142 56823
196 72837
146 31705
76 83485
276 37975
240 194086
151 137603
280 19108
111 118477
192 167184
200 119115
288 143087
9 22137
225 167840
107 116762
231 19505
85 36283
72 173781
130 14757
266 4645
265 9287
241 124697
280 92102
56 84252
28 188884
30 127368
285 124360
85 138140
103 84688
183 74627
213 59811
92 184441
14 142322
85 20610
281 45737
255 174603
90 66815
52 18382
39 113010
103 85998
93 193469
234 54659
113 80096
170 122560
118 38098
200 85498
190 86395
75 109234
8 187569
233 29120
277 195030
74 55131
261 132208
80 44429
219 83963
191 184455
162 154524
265 43505
146 89098
136 31508
58 90975
104 137613
74 74746
152 83908
196 171268
150 181587
78 100898
144 74164
51 60133
69 6285
13 158261
62 119822
142 90856
109 176974
227 79755
191 190223
115 25835
219 15061
282 104461
262 120746
255 4331
211 84603
171 103268
249 135327
23 70044
263 141596
92 17917
104 145567
59 70278
280 32866
33 8429
235 27490
113 4929
65 141816
242 166635
46 186968
115 33282
173 145480
132 115797
16 69923
243 187391
147 185021
29 171010
66 44492
204 56158
29 61265
246 29478
179 97737
292 107206
247 3720
148 177044
172 155895
137 72220
98 154558
222 120751
178 158521
194 149275
299 15904
83 31828
300 92634
196 96820
12 23299
234 45054
204 35243
207 180306
219 48747
243 192804
15 138695
141 135947
156 87577
228 124708
115 75676
259 22551
69 150665
214 152464
234 141224
117 152788
1 47388
219 70135
290 98200
212 5628
279 153883
40 100112
264 93255
175 71704
173 145885
222 53603
210 107241
116 9117
252 54648
147 151309
167 60568
153 177033
156 63037
4 157039
296 15909
5 114346
238 78190
133 52283
86 169087
166 165578
47 134047
93 116321
193 189299
39 112147
88 9393
129 105579
8 129990
77 133824
74 74872
154 193805
127 4034
68 111982
116 173646
173 62505
122 9060
164 96760
261 122057
245 185828
41 114263
38 87082
85 108008
109 85867
92 20359
237 180733
89 56334
183 148718
182 39954
19 32689
117 141017
197 132051
300 29266
100 108573
272 54360
28 148835
169 85812
219 163690
139 157681
102 174455
224 156102
69 136968
227 117251
119 102788
291 48462
43 143439
130 433
88 48796
88 183160
89 101618
290 123948
241 155718
239 3623
155 131099
183 194469
124 117761
44 107416
69 52284
255 76224
157 103393
139 175557
256 32059
165 165485
87 76648
165 12483
257 21863
84 46426
245 120366
287 38288
82 64952
92 2986
76 99201
248 68929
57 77835
257 107635
293 20713
81 105504
34 156643
300 44788
245 194248
260 84522
166 14472
31 106880
166 167074
91 100098
288 7363
165 45189
13 189221
63 28688
237 23659
145 152881
95 96366
135 32314
177 104745
130 24140
210 33202
204 193034
141 169572
30 130219
159 42230
245 78497
41 58566
8 15274
159 99411
274 35453
141 112492
276 140623
73 178518
70 158896
141 185002
63 73892
111 45104
206 27462
222 123604
281 83708
253 8182
269 96434
144 26813
289 147297
83 62826
8 124925
236 72660
236 143051
248 184312
225 89001
205 9753
223 2692
83 8902
234 82135
97 80612
264 59909
7 112067
237 148741
11 40718
106 78611
105 170851
182 12328
116 13181
223 114690
58 80740
73 90406
211 148408
263 93979
183 192770
47 139576
22 36872
179 184896
58 104856
191 5405
228 153471
228 9042
196 59005
44 135253
131 188713
120 192193
150 100731
14 63510
270 181985
257 142979
298 102406
42 118626
225 195012
95 31859
117 98506
159 26119
217 18933
292 48627
84 10008
21 130944
118 148410
7 21990
289 87068
204 150718
261 183849
83 102939
40 149421
131 188000
22 116603
262 37984
264 111695
266 1574
24 63344
213 162007
17 116884
42 15331
94 114264
132 160579
294 169099
34 152734
93 42952
60 88827
98 109348
230 170623
4 107122
226 83121
248 142757
64 112986
198 49396
63 109836
280 66509
131 7375
101 20817
275 123906
49 145453
73 159885
194 6345
232 88039
7 34913
206 111707
213 136357
154 71728
56 142847
81 43365
228 77276
178 37628
105 158764
295 31907
296 178899
105 192861
15 180001
76 130971
93 29022
275 169139
228 111154
271 141531
139 155292
270 70967
85 90554
200 136700
80 40490
202 3117
251 192388
43 35604
195 171043
228 86631
24 113987
256 191085
192 53949
77 42163
168 192519
107 25487
208 77198
202 42100
142 126896
62 33162
63 135936
71 2597
234 90354
11 141613
285 116969
258 71899
290 21099
201 1951
108 185319
203 19223
279 148890
240 192277
102 92788
227 65458
107 26175
195 27953
53 149063
102 21658
47 71480
150 109604
24 61353
234 115643
239 19298
278 38648
56 139747
171 104111
62 34213
110 144846
110 8982
235 123552
145 43547
2 62393
81 4190
293 34154
109 132052
81 87481
35 63818
296 1206
287 99095
184 165544
30 28091
235 107215
257 67995
179 68104
256 163840
156 61404
3 67254
56 59883
281 15642
198 185716
40 69718
272 82637
93 47841
196 3407
289 24942
55 44381
237 98845
162 131507
122 107432
141 120131
216 123006
81 128337
70 77286
84 108762
204 21372
12 124751
217 55564
6 142875
260 187802
111 101344
141 194419
102 24980
136 85686
264 142528
263 151049
4 49282
270 38199
46 177603
69 45334
247 91747
1 139166
211 29637
19 49400
236 34160
166 62837
103 66588
148 156627
298 83184
137 75034
33 89128
292 141585
154 41418
222 99660
143 99749
113 55294
37 138762
58 135816
88 72489
67 44425
250 108476
280 176841
110 92843
241 131221
71 108522
62 20797
38 69100
236 144196
112 190014
20 119597
208 155921
44 189295
50 10750
1 188420
205 157338
48 166759
239 654
231 186820
19 141017
77 92881
80 125741
16 13550
149 84676
139 50427
277 40211
143 45314
298 170078
137 169432
37 2167
119 172720
64 12738
211 77115
124 128478
17 63744
90 157730
71 51888
134 108358
56 48402
300 73364
250 87173
139 150076
81 36982
255 109316
181 7137
67 94782
96 74053
100 129056
286 94408
193 119489
163 39754
63 5278
259 9349
177 147904
236 105929
166 9101
52 35066
199 175254
144 37691
45 179311
78 181731
35 83335
296 132287
265 101160
56 4422
177 21523
281 117005
287 54121
18 112496
88 183965
261 192699
75 13133
37 48662
161 13704
98 40855
191 38495
72 158781
70 120345
235 35294
111 69550
18 66930
157 2351
254 186935
20 186103
83 12045
196 140673
267 124579
151 125082
26 25902
96 51807
289 33522
229 81868
290 78043
188 96165
241 65021
6 191857
